2	20	               40               
3	29	               87               
5	38	               190           
8	47	               376           
8	56	               448           
12	65	               780           
16	74	               1184                  
21	83	               1743                  
26	92	               2392                  
32	101	               3232                  
38	110	               4180                  
44	119	               5236                  
46	128	               5888                  
57	137	               7799                  
76	165	               12540       
84	155	               12960       
81	167	               13527       
97	173	               16781       
98	192	               18816       
98	191	               18718       
98	208	               20384       
98	209	               20482       
98	218	               21364       
1430	255	           364650     